/*--------------------------------*- C++ -*----------------------------------*\
| =========                 |                                                 |
| \\      /  F ield         | OpenFOAM: The Open Source CFD Toolbox           |
|  \\    /   O peration     | Version:  2206                                  |
|   \\  /    A nd           | Website:  www.openfoam.com                      |
|    \\/     M anipulation  |                                                 |
\*---------------------------------------------------------------------------*/
FoamFile
{
    version     2.0;
    format      ascii;
    arch        "LSB;label=32;scalar=64";
    note        "nPoints:3355  nCells:2562  nFaces:8427  nInternalFaces:6945";
    class       labelList;
    location    "constant/polyMesh";
    object      neighbour;
}
// * * * * * * * * * * * * * * * * * * * * * * * * * * * * * * * * * * * * * //


6945
(
54
323
324
325
58
90
330
331
332
62
97
337
338
339
66
104
344
345
346
70
111
351
352
353
74
118
358
359
360
78
125
365
366
367
82
131
372
373
374
86
138
379
380
381
91
386
387
388
98
152
393
394
395
105
159
400
401
402
112
166
407
408
409
119
173
414
415
416
126
180
421
422
423
132
428
429
430
139
193
435
436
437
146
200
442
443
444
153
449
450
451
160
214
456
457
458
167
217
463
464
465
174
220
470
471
472
181
223
477
478
479
187
226
484
485
486
194
229
491
492
493
201
232
498
499
500
208
235
505
506
507
93
241
512
513
514
100
243
259
519
520
521
107
245
262
526
527
528
114
247
265
533
534
535
121
249
268
540
541
542
127
251
271
547
548
549
134
253
274
554
555
556
141
255
277
561
562
563
148
257
280
568
569
570
155
260
575
576
577
162
263
286
582
583
584
169
266
289
589
590
591
176
269
292
596
597
598
183
272
295
603
604
605
189
275
298
610
611
612
196
278
301
617
618
619
203
281
304
624
625
626
210
284
307
631
632
633
215
287
638
639
640
218
290
313
645
646
647
221
293
314
652
653
654
224
296
315
659
660
661
227
299
316
666
667
668
230
302
317
673
674
675
233
305
318
680
681
682
236
308
319
687
688
689
239
311
320
694
695
696
701
702
703
58
90
708
709
710
93
241
715
716
717
60
94
242
722
723
724
729
730
731
62
97
736
737
738
100
243
743
744
745
64
101
244
750
751
752
757
758
759
66
104
764
765
766
107
245
771
772
773
68
108
246
778
779
780
785
786
787
70
111
792
793
794
114
247
799
800
801
72
115
248
806
807
808
813
814
815
74
118
820
821
822
121
249
827
828
829
76
122
250
834
835
836
841
842
843
78
125
848
849
850
127
251
855
856
857
80
128
252
862
863
864
869
870
871
82
131
876
877
878
134
253
883
884
885
84
135
254
890
891
892
897
898
899
86
138
904
905
906
141
255
911
912
913
88
142
256
918
919
920
925
926
927
145
932
933
934
148
257
939
940
941
149
258
946
947
948
953
954
955
960
961
962
98
152
967
968
969
974
975
976
100
259
2171
2172
2173
155
260
981
982
983
102
156
261
2178
2179
2180
988
989
990
995
996
997
105
159
1002
1003
1004
2185
2186
2187
107
262
2192
2193
2194
162
263
2199
2200
2201
109
163
264
2206
2207
2208
1009
1010
1011
1016
1017
1018
112
166
1023
1024
1025
2213
2214
2215
114
265
2220
2221
2222
169
266
2227
2228
2229
116
170
267
2234
2235
2236
1030
1031
1032
1037
1038
1039
119
173
1044
1045
1046
2241
2242
2243
121
268
2248
2249
2250
176
269
2255
2256
2257
123
177
270
2262
2263
2264
1051
1052
1053
1058
1059
1060
126
180
1065
1066
1067
2269
2270
2271
127
271
2276
2277
2278
183
272
2283
2284
2285
129
184
273
2290
2291
2292
1072
1073
1074
1079
1080
1081
2297
2298
2299
134
274
1086
1087
1088
189
275
1093
1094
1095
136
190
276
1099
1100
1103
1104
1105
1110
1111
1112
139
193
1117
1118
1119
2304
2305
2306
141
277
2311
2312
2313
196
278
1124
1125
1126
143
197
279
2318
2319
2320
1131
1132
1133
1138
1139
1140
146
200
1145
1146
1147
2325
2326
2327
148
280
2332
2333
2334
203
281
2339
2340
2341
150
204
282
2346
2347
2348
1152
1153
1154
1159
1160
1161
207
1166
1167
1168
2353
2354
2355
283
1173
1174
1175
210
284
2360
2361
2362
211
285
1180
1181
1182
1187
1188
1189
1194
1195
1196
160
214
1201
1202
1203
1208
1209
1210
162
286
2367
2368
2369
215
287
1215
1216
1217
164
216
288
2374
2375
2376
1222
1223
1224
1229
1230
1231
167
217
1236
1237
1238
2381
2382
2383
169
289
2388
2389
2390
218
290
2395
2396
2397
171
219
291
2402
2403
2404
1243
1244
1245
1250
1251
1252
174
220
1257
1258
1259
2409
2410
2411
176
292
2416
2417
2418
221
293
2423
2424
2425
178
222
294
2430
2431
2432
1264
1265
1266
1271
1272
1273
181
223
1278
1279
1280
2437
2438
2439
183
295
2444
2445
2446
224
296
2451
2452
2453
185
225
297
2458
2459
2460
1285
1286
1287
1292
1293
1294
187
226
1299
1300
1301
2465
2466
2467
189
298
2472
2473
2474
227
299
2479
2480
2481
191
228
300
2486
2487
2488
1306
1307
1308
194
229
1312
1313
1316
1317
1318
196
301
1322
1323
230
302
2493
2494
2495
198
231
303
1325
1326
1327
1331
1332
1333
1338
1339
1340
201
232
1345
1346
1347
1352
1353
1354
203
304
2500
2501
2502
233
305
2507
2508
2509
205
234
306
2514
2515
2516
1359
1360
1361
1366
1367
1368
208
235
1373
1374
1375
2521
2522
2523
210
307
2528
2529
2530
236
308
2535
2536
2537
212
237
309
2542
2543
2544
1380
1381
1382
1387
1388
1389
238
1394
1395
1396
2549
2550
2551
310
1401
1402
1403
239
311
2556
2557
2558
240
312
1408
1409
1410
1415
1416
1417
1422
1423
1424
218
313
1429
1430
1431
1436
1437
1438
1443
1444
1445
221
314
1450
1451
1452
1457
1458
1459
1464
1465
1466
224
315
1471
1472
1473
1478
1479
1480
1485
1486
1487
227
316
1492
1493
1494
1499
1500
1501
1506
1507
1508
230
317
1513
1514
1515
1520
1521
1522
1527
1528
1529
233
318
1534
1535
1536
1541
1542
1543
1548
1549
1550
236
319
1555
1556
1557
1562
1563
1564
1569
1570
1571
239
320
1576
1577
1578
1583
1584
1585
1590
1591
1592
321
1597
1598
1599
1604
1605
1606
243
259
1611
1612
1613
1618
1619
1620
245
262
1625
1626
1627
1632
1633
1634
247
265
1639
1640
1641
1646
1647
1648
249
268
1653
1654
1655
1660
1661
1662
251
271
1667
1668
1669
1674
1675
1676
253
274
1681
1682
1683
1688
1689
1690
255
277
1695
1696
1697
1702
1703
1704
257
280
1709
1710
1711
1716
1717
1718
283
1723
1724
1725
1730
1731
1732
1737
1738
1739
263
286
1744
1745
1746
1751
1752
1753
1758
1759
1760
266
289
1765
1766
1767
1772
1773
1774
1779
1780
1781
269
292
1786
1787
1788
1793
1794
1795
1800
1801
1802
272
295
1807
1808
1809
1814
1815
1816
1821
1822
1823
275
298
1828
1829
1830
1835
1836
1837
1842
1843
1844
278
301
1849
1850
1851
1856
1857
1858
1863
1864
1865
281
304
1870
1871
1872
1877
1878
1879
1884
1885
1886
284
307
1891
1892
1893
1898
1899
1900
1905
1906
1907
310
1912
1913
1914
1919
1920
1921
1926
1927
1928
290
313
1933
1934
1935
1940
1941
1942
1947
1948
1949
293
314
1954
1955
1956
1961
1962
1963
1968
1969
1970
296
315
1975
1976
1977
1982
1983
1984
1989
1990
1991
299
316
1996
1997
1998
2003
2004
2005
2010
2011
2012
302
317
2017
2018
2019
2024
2025
2026
2031
2032
2033
305
318
2038
2039
2040
2045
2046
2047
2052
2053
2054
308
319
2059
2060
2061
2066
2067
2068
2073
2074
2075
311
320
2080
2081
2082
2087
2088
2089
2094
2095
2096
321
2101
2102
2103
2108
2109
2110
2115
2116
2117
2122
2123
2124
2129
2130
2131
2136
2137
2138
2143
2144
2145
2150
2151
2152
2157
2158
2159
2164
2165
2166
326
327
328
952
959
973
326
327
702
953
326
328
960
327
328
703
974
956
963
706
957
977
964
978
333
334
335
987
994
2184
333
334
730
988
333
335
954
995
334
335
731
955
2185
991
998
734
992
2188
958
999
2189
340
341
342
1008
1015
2212
340
341
758
1009
340
342
989
1016
341
342
759
990
2213
1012
1019
762
1013
2216
993
1020
2217
347
348
349
1029
1036
2240
347
348
786
1030
347
349
1010
1037
348
349
787
1011
2241
1033
1040
790
1034
2244
1014
1041
2245
354
355
356
1050
1057
2268
354
355
814
1051
354
356
1031
1058
355
356
815
1032
2269
1054
1061
818
1055
2272
1035
1062
2273
361
362
363
1071
1078
2296
361
362
842
1072
361
363
1052
1079
362
363
843
1053
2297
1075
1082
846
1076
2300
1056
1083
2301
368
369
370
1102
1109
2303
368
369
870
1103
368
370
1073
1110
369
370
871
1074
2304
1106
1113
874
1107
2307
1077
1114
2308
375
376
377
1130
1137
2324
375
376
898
1131
375
377
1104
1138
376
377
899
1105
2325
1134
1141
902
1135
2328
1108
1142
2329
382
383
384
1151
1158
2352
382
383
926
1152
382
384
1132
1159
383
384
927
1133
2353
1155
1162
930
1156
2356
1136
1163
2357
389
390
391
1186
1193
1207
389
390
961
1187
389
391
1194
390
391
962
1208
1190
1197
965
1191
1211
1198
1212
396
397
398
1221
1228
2380
396
397
996
1222
396
398
1188
1229
397
398
997
1189
2381
1225
1232
1000
1226
2384
1192
1233
2385
403
404
405
1242
1249
2408
403
404
1017
1243
403
405
1223
1250
404
405
1018
1224
2409
1246
1253
1021
1247
2412
1227
1254
2413
410
411
412
1263
1270
2436
410
411
1038
1264
410
412
1244
1271
411
412
1039
1245
2437
1267
1274
1042
1268
2440
1248
1275
2441
417
418
419
1284
1291
2464
417
418
1059
1285
417
419
1265
1292
418
419
1060
1266
2465
1288
1295
1063
1289
2468
1269
1296
2469
424
425
426
1305
1315
424
425
1080
424
426
1286
1306
425
426
1081
1287
1316
1309
1084
1319
1290
1310
1320
431
432
433
1330
1337
1351
431
432
1111
1331
431
433
1338
432
433
1112
1352
1334
1341
1115
1335
1355
1342
1356
438
439
440
1358
1365
2520
438
439
1139
1359
438
440
1332
1366
439
440
1140
1333
2521
1362
1369
1143
1363
2524
1336
1370
2525
445
446
447
1379
1386
2548
445
446
1160
1380
445
447
1360
1387
446
447
1161
1361
2549
1383
1390
1164
1384
2552
1364
1391
2553
452
453
454
1414
1421
452
453
1195
1415
452
454
453
454
1196
1422
1418
1199
1419
1425
1426
459
460
461
1435
1442
459
460
1230
1436
459
461
1416
460
461
1231
1417
1443
1439
1234
1440
1446
1420
1447
466
467
468
1456
1463
466
467
1251
1457
466
468
1437
467
468
1252
1438
1464
1460
1255
1461
1467
1441
1468
473
474
475
1477
1484
473
474
1272
1478
473
475
1458
474
475
1273
1459
1485
1481
1276
1482
1488
1462
1489
480
481
482
1498
1505
480
481
1293
1499
480
482
1479
481
482
1294
1480
1506
1502
1297
1503
1509
1483
1510
487
488
489
1519
1526
487
488
1307
1520
487
489
1500
488
489
1308
1501
1527
1523
1311
1524
1530
1504
1531
494
495
496
1540
1547
494
495
1339
1541
494
496
1521
495
496
1340
1522
1548
1544
1343
1545
1551
1525
1552
501
502
503
1561
1568
501
502
1367
1562
501
503
1542
502
503
1368
1543
1569
1565
1371
1566
1572
1546
1573
508
509
510
1582
1589
508
509
1388
1583
508
510
1563
509
510
1389
1564
1590
1586
1392
1587
1593
1567
1594
515
516
517
1729
1736
515
516
975
1605
1730
515
517
976
1737
516
517
1606
979
1733
1740
1609
1734
1741
522
523
524
1750
1757
522
523
1619
1751
2186
522
524
1731
1758
2187
523
524
1620
1732
1754
1761
2190
1623
1755
1735
1762
529
530
531
1771
1778
529
530
1633
1772
2214
529
531
1752
1779
2215
530
531
1634
1753
1775
1782
2218
1637
1776
1756
1783
536
537
538
1792
1799
536
537
1647
1793
2242
536
538
1773
1800
2243
537
538
1648
1774
1796
1803
2246
1651
1797
1777
1804
543
544
545
1813
1820
543
544
1661
1814
2270
543
545
1794
1821
2271
544
545
1662
1795
1817
1824
2274
1665
1818
1798
1825
550
551
552
1834
1841
550
551
1675
1835
2298
550
552
1815
1842
2299
551
552
1676
1816
1838
1845
2302
1679
1839
1819
1846
557
558
559
1855
1862
557
558
1689
1856
2305
557
559
1836
1863
2306
558
559
1690
1837
1859
1866
2309
1693
1860
1840
1867
564
565
566
1876
1883
564
565
1703
1877
2326
564
566
1857
1884
2327
565
566
1704
1858
1880
1887
2330
1707
1881
1861
1888
571
572
573
1897
1904
571
572
1717
1898
2354
571
573
1878
1905
2355
572
573
1718
1879
1901
1908
2358
1721
1902
1882
1909
578
579
580
1918
1925
578
579
1209
1738
1919
578
580
1210
1926
579
580
1739
1213
1922
1929
1742
1923
1930
585
586
587
1939
1946
585
586
1759
1940
2382
585
587
1920
1947
2383
586
587
1760
1921
1943
1950
2386
1763
1944
1924
1951
592
593
594
1960
1967
592
593
1780
1961
2410
592
594
1941
1968
2411
593
594
1781
1942
1964
1971
2414
1784
1965
1945
1972
599
600
601
1981
1988
599
600
1801
1982
2438
599
601
1962
1989
2439
600
601
1802
1963
1985
1992
2442
1805
1986
1966
1993
606
607
608
2002
2009
606
607
1822
2003
2466
606
608
1983
2010
2467
607
608
1823
1984
2006
2013
2470
1826
2007
1987
2014
613
614
615
2023
2030
613
614
1317
1843
2024
613
615
1318
2004
2031
614
615
1844
2005
1321
2027
2034
1847
2028
2008
2035
620
621
622
2044
2051
620
621
1353
1864
2045
620
622
1354
2025
2052
621
622
1865
2026
1357
2048
2055
1868
2049
2029
2056
627
628
629
2065
2072
627
628
1885
2066
2522
627
629
2046
2073
2523
628
629
1886
2047
2069
2076
2526
1889
2070
2050
2077
634
635
636
2086
2093
634
635
1906
2087
2550
634
636
2067
2094
2551
635
636
1907
2068
2090
2097
2554
1910
2091
2071
2098
641
642
643
2107
641
642
1423
1927
2108
641
643
1424
642
643
1928
1427
2111
1931
2112
648
649
650
2114
648
649
1444
1948
2115
648
650
1445
2109
649
650
1949
2110
1448
2118
1952
2119
2113
655
656
657
2121
655
656
1465
1969
2122
655
657
1466
2116
656
657
1970
2117
1469
2125
1973
2126
2120
662
663
664
2128
662
663
1486
1990
2129
662
664
1487
2123
663
664
1991
2124
1490
2132
1994
2133
2127
669
670
671
2135
669
670
1507
2011
2136
669
671
1508
2130
670
671
2012
2131
1511
2139
2015
2140
2134
676
677
678
2142
676
677
1528
2032
2143
676
678
1529
2137
677
678
2033
2138
1532
2146
2036
2147
2141
683
684
685
2149
683
684
1549
2053
2150
683
685
1550
2144
684
685
2054
2145
1553
2153
2057
2154
2148
690
691
692
2156
690
691
1570
2074
2157
690
692
1571
2151
691
692
2075
2152
1574
2160
2078
2161
2155
697
698
699
2163
697
698
1591
2095
2164
697
699
1592
2158
698
699
2096
2159
1595
2167
2099
2168
2162
704
705
706
707
714
704
705
704
706
709
705
706
715
711
718
713
719
711
712
713
721
711
712
729
711
713
953
712
713
722
731
955
725
733
726
957
718
719
720
721
718
719
974
718
720
1604
719
720
724
975
1605
726
977
727
1607
725
726
727
725
726
743
2171
725
727
744
1611
726
727
1612
2172
746
2174
1614
732
733
734
735
742
732
733
732
734
737
733
734
743
739
746
741
747
739
740
741
749
739
740
757
739
741
988
740
741
750
759
990
753
761
754
992
746
747
748
749
746
747
2185
746
748
1618
747
748
752
1619
2186
754
2188
755
1621
753
754
755
753
754
771
2192
753
755
772
1625
754
755
1626
2193
774
2195
1628
760
761
762
763
770
760
761
760
762
765
761
762
771
767
774
769
775
767
768
769
777
767
768
785
767
769
1009
768
769
778
787
1011
781
789
782
1013
774
775
776
777
774
775
2213
774
776
1632
775
776
780
1633
2214
782
2216
783
1635
781
782
783
781
782
799
2220
781
783
800
1639
782
783
1640
2221
802
2223
1642
788
789
790
791
798
788
789
788
790
793
789
790
799
795
802
797
803
795
796
797
805
795
796
813
795
797
1030
796
797
806
815
1032
809
817
810
1034
802
803
804
805
802
803
2241
802
804
1646
803
804
808
1647
2242
810
2244
811
1649
809
810
811
809
810
827
2248
809
811
828
1653
810
811
1654
2249
830
2251
1656
816
817
818
819
826
816
817
816
818
821
817
818
827
823
830
825
831
823
824
825
833
823
824
841
823
825
1051
824
825
834
843
1053
837
845
838
1055
830
831
832
833
830
831
2269
830
832
1660
831
832
836
1661
2270
838
2272
839
1663
837
838
839
837
838
855
2276
837
839
856
1667
838
839
1668
2277
858
2279
1670
844
845
846
847
854
844
845
844
846
849
845
846
855
851
858
853
859
851
852
853
861
851
852
869
851
853
1072
852
853
862
871
1074
865
873
866
1076
858
859
860
861
858
859
2297
858
860
1674
859
860
864
1675
2298
866
2300
867
1677
865
866
867
865
866
883
1086
865
867
884
1681
866
867
1087
1682
886
1089
1684
872
873
874
875
882
872
873
872
874
877
873
874
883
879
886
881
887
879
880
881
889
879
880
897
879
881
1103
880
881
890
899
1105
893
901
894
1107
886
887
888
889
886
887
2304
886
888
1688
887
888
892
1689
2305
894
2307
895
1691
893
894
895
893
894
911
2311
893
895
912
1695
894
895
1696
2312
914
2314
1698
900
901
902
903
910
900
901
900
902
905
901
902
911
907
914
909
915
907
908
909
917
907
908
925
907
909
1131
908
909
918
927
1133
921
929
922
1135
914
915
916
917
914
915
2325
914
916
1702
915
916
920
1703
2326
922
2328
923
1705
921
922
923
921
922
939
2332
921
923
940
1709
922
923
1710
2333
942
2335
1712
928
929
930
931
938
928
929
928
930
933
929
930
939
935
942
937
943
935
936
937
945
935
936
935
937
1152
936
937
946
1154
949
950
1156
942
943
944
945
942
943
2353
942
944
1716
943
944
948
1717
2354
950
2356
951
1719
949
950
951
949
950
1173
949
951
1723
950
951
1174
1724
1176
1726
956
957
958
966
2170
956
957
956
958
967
957
958
2171
970
2174
971
2175
963
964
965
966
980
963
964
963
965
968
964
965
981
970
984
972
985
970
971
972
2177
970
971
995
970
972
1187
971
972
997
1189
2178
999
2181
1191
2182
977
978
979
980
2170
977
978
977
979
2172
978
979
982
2174
984
986
2176
984
985
986
2177
984
985
1208
984
986
1737
985
986
1209
1738
2180
1211
2182
1740
2183
991
992
993
1001
2191
991
992
991
993
1002
992
993
2192
1005
2195
1006
2196
998
999
1000
1001
2198
998
999
998
1000
1003
999
1000
2199
1005
2202
1007
2203
1005
1006
1007
2205
1005
1006
1016
1005
1007
1222
1006
1007
1018
1224
2206
1020
2209
1226
2210
1012
1013
1014
1022
2219
1012
1013
1012
1014
1023
1013
1014
2220
1026
2223
1027
2224
1019
1020
1021
1022
2226
1019
1020
1019
1021
1024
1020
1021
2227
1026
2230
1028
2231
1026
1027
1028
2233
1026
1027
1037
1026
1028
1243
1027
1028
1039
1245
2234
1041
2237
1247
2238
1033
1034
1035
1043
2247
1033
1034
1033
1035
1044
1034
1035
2248
1047
2251
1048
2252
1040
1041
1042
1043
2254
1040
1041
1040
1042
1045
1041
1042
2255
1047
2258
1049
2259
1047
1048
1049
2261
1047
1048
1058
1047
1049
1264
1048
1049
1060
1266
2262
1062
2265
1268
2266
1054
1055
1056
1064
2275
1054
1055
1054
1056
1065
1055
1056
2276
1068
2279
1069
2280
1061
1062
1063
1064
2282
1061
1062
1061
1063
1066
1062
1063
2283
1068
2286
1070
2287
1068
1069
1070
2289
1068
1069
1079
1068
1070
1285
1069
1070
1081
1287
2290
1083
2293
1289
2294
1075
1076
1077
1085
1075
1076
1075
1077
1076
1077
1086
1089
1090
1082
1083
1084
1092
1082
1083
1082
1084
1083
1084
1093
1096
1097
1089
1090
1091
2296
1089
1090
2304
1089
1091
1835
2298
1090
1091
1099
1836
2306
2300
2308
1101
1838
2302
1096
1097
1098
2296
1096
1097
1316
2290
1096
1098
1842
2291
2299
1097
1098
1100
1317
1843
2293
2301
1319
1101
1845
2302
1101
1125
1849
1101
1322
1850
1852
1106
1107
1108
1116
2310
1106
1107
1106
1108
1117
1107
1108
2311
1120
2314
1121
2315
1113
1114
1115
1116
1123
1113
1114
1113
1115
1118
1114
1115
1124
1120
1127
1122
1128
1120
1121
1122
2317
1120
1121
1138
1120
1122
1331
1121
1122
1140
1333
2318
1142
2321
1335
2322
1127
1128
1129
2303
2317
1127
1128
1352
1127
1129
1863
2306
1128
1129
1353
1864
2320
2308
1355
2322
1866
2309
2323
1134
1135
1136
1144
2331
1134
1135
1134
1136
1145
1135
1136
2332
1148
2335
1149
2336
1141
1142
1143
1144
2338
1141
1142
1141
1143
1146
1142
1143
2339
1148
2342
1150
2343
1148
1149
1150
2345
1148
1149
1159
1148
1150
1359
1149
1150
1161
1361
2346
1163
2349
1363
2350
1155
1156
1157
1165
1172
1155
1156
1155
1157
1166
1156
1157
1173
1169
1176
1170
1177
1162
1163
1164
1165
2359
1162
1163
1162
1164
1167
1163
1164
2360
1169
2363
1171
2364
1169
1170
1171
1179
1169
1170
1169
1171
1380
1170
1171
1180
1382
1183
1184
1384
1176
1177
1178
1179
2352
1176
1177
1176
1178
1898
2354
1177
1178
1181
1899
2356
1183
1185
1901
2358
1183
1184
1185
2359
1183
1184
1401
1183
1185
1912
1184
1185
1402
1913
2362
1404
2364
1915
2365
1190
1191
1192
1200
2366
1190
1191
1190
1192
1201
1191
1192
2367
1204
2370
1205
2371
1197
1198
1199
1200
1214
1197
1198
1197
1199
1202
1198
1199
1215
1204
1218
1206
1219
1204
1205
1206
2373
1204
1205
1229
1204
1206
1415
1205
1206
1231
1417
2374
1233
2377
1419
2378
1211
1212
1213
1214
2366
1211
1212
1211
1213
2368
1212
1213
1216
2370
1218
1220
2372
1218
1219
1220
2373
1218
1219
1422
1218
1220
1926
1219
1220
1423
1927
2376
1425
2378
1929
2379
1225
1226
1227
1235
2387
1225
1226
1225
1227
1236
1226
1227
2388
1239
2391
1240
2392
1232
1233
1234
1235
2394
1232
1233
1232
1234
1237
1233
1234
2395
1239
2398
1241
2399
1239
1240
1241
2401
1239
1240
1250
1239
1241
1436
1240
1241
1252
1438
2402
1254
2405
1440
2406
1246
1247
1248
1256
2415
1246
1247
1246
1248
1257
1247
1248
2416
1260
2419
1261
2420
1253
1254
1255
1256
2422
1253
1254
1253
1255
1258
1254
1255
2423
1260
2426
1262
2427
1260
1261
1262
2429
1260
1261
1271
1260
1262
1457
1261
1262
1273
1459
2430
1275
2433
1461
2434
1267
1268
1269
1277
2443
1267
1268
1267
1269
1278
1268
1269
2444
1281
2447
1282
2448
1274
1275
1276
1277
2450
1274
1275
1274
1276
1279
1275
1276
2451
1281
2454
1283
2455
1281
1282
1283
2457
1281
1282
1292
1281
1283
1478
1282
1283
1294
1480
2458
1296
2461
1482
2462
1288
1289
1290
1298
2471
1288
1289
1288
1290
1299
1289
1290
2472
1302
2475
1303
2476
1295
1296
1297
1298
2478
1295
1296
1295
1297
1300
1296
1297
2479
1302
2482
1304
2483
1302
1303
1304
2485
1302
1303
1306
1302
1304
1499
1303
1304
1308
1501
2486
1310
2489
1503
2490
1309
1310
1311
2492
1309
1310
1309
1311
1312
1310
1311
2493
2496
1314
2497
1314
1520
1314
1325
1340
1522
1328
1524
1319
1320
1321
2492
1319
1320
2472
1319
1321
1322
1320
1321
2474
2494
2476
2496
1324
2498
1324
2024
1324
1326
1354
2025
1329
2027
1328
1534
2507
1329
2038
2508
1328
1329
1535
2039
2495
1537
2497
2041
2498
1334
1335
1336
1344
2499
1334
1335
1334
1336
1345
1335
1336
2500
1348
2503
1349
2504
1341
1342
1343
1344
2506
1341
1342
1341
1343
1346
1342
1343
2507
1348
2510
1350
2511
1348
1349
1350
2513
1348
1349
1366
1348
1350
1541
1349
1350
1368
1543
2514
1370
2517
1545
2518
1355
1356
1357
2499
2506
1355
1356
1355
1357
2501
1356
1357
2508
2503
2510
2505
2512
1362
1363
1364
1372
2527
1362
1363
1362
1364
1373
1363
1364
2528
1376
2531
1377
2532
1369
1370
1371
1372
2534
1369
1370
1369
1371
1374
1370
1371
2535
1376
2538
1378
2539
1376
1377
1378
2541
1376
1377
1387
1376
1378
1562
1377
1378
1389
1564
2542
1391
2545
1566
2546
1383
1384
1385
1393
1400
1383
1384
1383
1385
1394
1384
1385
1401
1397
1404
1398
1405
1390
1391
1392
1393
2555
1390
1391
1390
1392
1395
1391
1392
2556
1397
2559
1399
2560
1397
1398
1399
1407
1397
1398
1397
1399
1583
1398
1399
1408
1585
1411
1412
1587
1404
1405
1406
1407
2548
1404
1405
1404
1406
2087
2550
1405
1406
1409
2088
2552
1411
1413
2090
2554
1411
1412
1413
2555
1411
1412
1597
1411
1413
2101
1412
1413
1598
2102
2558
1600
2560
2104
2561
1418
1419
1420
1428
1418
1419
1418
1420
1419
1420
1429
1432
1433
1425
1426
1427
1428
1425
1426
1425
1427
1430
1426
1427
1432
1434
1432
1433
1434
1432
1433
1443
2374
1432
1434
2108
2376
1433
1434
1445
2109
2378
1447
2111
1439
1440
1441
1449
1439
1440
1439
1441
1440
1441
1450
1453
1454
1446
1447
1448
1449
1446
1447
2395
1446
1448
1451
2397
1447
1448
1453
2399
1455
1453
1454
1455
1453
1454
1464
2402
1453
1455
2115
2404
1454
1455
1466
2116
2406
1468
2118
1460
1461
1462
1470
1460
1461
1460
1462
1461
1462
1471
1474
1475
1467
1468
1469
1470
1467
1468
2423
1467
1469
1472
2425
1468
1469
1474
2427
1476
1474
1475
1476
1474
1475
1485
2430
1474
1476
2122
2432
1475
1476
1487
2123
2434
1489
2125
1481
1482
1483
1491
1481
1482
1481
1483
1482
1483
1492
1495
1496
1488
1489
1490
1491
1488
1489
2451
1488
1490
1493
2453
1489
1490
1495
2455
1497
1495
1496
1497
1495
1496
1506
2458
1495
1497
2129
2460
1496
1497
1508
2130
2462
1510
2132
1502
1503
1504
1512
1502
1503
1502
1504
1503
1504
1513
1516
1517
1509
1510
1511
1512
1509
1510
2479
1509
1511
1514
2481
1510
1511
1516
2483
1518
1516
1517
1518
1516
1517
1527
2486
1516
1518
2136
2488
1517
1518
1529
2137
2490
1531
2139
1523
1524
1525
1533
1523
1524
1523
1525
1524
1525
1534
1537
1538
1530
1531
1532
1533
1530
1531
2493
1530
1532
1535
2495
1531
1532
1537
2497
1539
1537
1538
1539
1537
1538
1548
1537
1539
2143
1538
1539
1550
2144
1552
2146
1544
1545
1546
1554
1544
1545
1544
1546
1545
1546
1555
1558
1559
1551
1552
1553
1554
1551
1552
2507
1551
1553
1556
2509
1552
1553
1558
2511
1560
1558
1559
1560
1558
1559
1569
2514
1558
1560
2150
2516
1559
1560
1571
2151
2518
1573
2153
1565
1566
1567
1575
1565
1566
1565
1567
1566
1567
1576
1579
1580
1572
1573
1574
1575
1572
1573
2535
1572
1574
1577
2537
1573
1574
1579
2539
1581
1579
1580
1581
1579
1580
1590
2542
1579
1581
2157
2544
1580
1581
1592
2158
2546
1594
2160
1586
1587
1588
1596
1586
1587
1586
1588
1587
1588
1597
1600
1601
1593
1594
1595
1596
1593
1594
2556
1593
1595
1598
2558
1594
1595
1600
2560
1602
1600
1601
1602
1600
1601
1600
1602
2164
1601
1602
2165
2167
1607
1608
1609
1610
1607
1608
1607
1609
1612
1608
1609
1614
1616
1614
1615
1616
1614
1615
1618
1614
1616
1730
1615
1616
1620
1732
1622
1734
1621
1622
1623
1624
1621
1622
1621
1623
1626
1622
1623
1628
1630
1628
1629
1630
1628
1629
1632
1628
1630
1751
1629
1630
1634
1753
1636
1755
1635
1636
1637
1638
1635
1636
1635
1637
1640
1636
1637
1642
1644
1642
1643
1644
1642
1643
1646
1642
1644
1772
1643
1644
1648
1774
1650
1776
1649
1650
1651
1652
1649
1650
1649
1651
1654
1650
1651
1656
1658
1656
1657
1658
1656
1657
1660
1656
1658
1793
1657
1658
1662
1795
1664
1797
1663
1664
1665
1666
1663
1664
1663
1665
1668
1664
1665
1670
1672
1670
1671
1672
1670
1671
1674
1670
1672
1814
1671
1672
1676
1816
1678
1818
1677
1678
1679
1680
1677
1678
1677
1679
1682
1678
1679
1684
1686
1684
1685
1686
1684
1685
1688
1684
1686
1835
1685
1686
1690
1837
1692
1839
1691
1692
1693
1694
1691
1692
1691
1693
1696
1692
1693
1698
1700
1698
1699
1700
1698
1699
1702
1698
1700
1856
1699
1700
1704
1858
1706
1860
1705
1706
1707
1708
1705
1706
1705
1707
1710
1706
1707
1712
1714
1712
1713
1714
1712
1713
1716
1712
1714
1877
1713
1714
1718
1879
1720
1881
1719
1720
1721
1722
1719
1720
1719
1721
1724
1720
1721
1726
1728
1726
1727
1728
1726
1727
1726
1728
1898
1727
1728
1900
1902
1733
1734
1735
1743
1733
1734
2172
1733
1735
1744
2173
1734
1735
1747
2176
1748
1740
1741
1742
1743
1740
1741
1740
1742
1745
1741
1742
1747
1749
1747
1748
1749
1747
1748
1758
2179
1747
1749
1919
2180
1748
1749
1760
1921
2183
1762
1923
1754
1755
1756
1764
1754
1755
2193
1754
1756
1765
2194
1755
1756
1768
2197
1769
1761
1762
1763
1764
1761
1762
2200
1761
1763
1766
2201
1762
1763
1768
2204
1770
1768
1769
1770
1768
1769
1779
2207
1768
1770
1940
2208
1769
1770
1781
1942
2211
1783
1944
1775
1776
1777
1785
1775
1776
2221
1775
1777
1786
2222
1776
1777
1789
2225
1790
1782
1783
1784
1785
1782
1783
2228
1782
1784
1787
2229
1783
1784
1789
2232
1791
1789
1790
1791
1789
1790
1800
2235
1789
1791
1961
2236
1790
1791
1802
1963
2239
1804
1965
1796
1797
1798
1806
1796
1797
2249
1796
1798
1807
2250
1797
1798
1810
2253
1811
1803
1804
1805
1806
1803
1804
2256
1803
1805
1808
2257
1804
1805
1810
2260
1812
1810
1811
1812
1810
1811
1821
2263
1810
1812
1982
2264
1811
1812
1823
1984
2267
1825
1986
1817
1818
1819
1827
1817
1818
2277
1817
1819
1828
2278
1818
1819
1831
2281
1832
1824
1825
1826
1827
1824
1825
2284
1824
1826
1829
2285
1825
1826
1831
2288
1833
1831
1832
1833
1831
1832
1842
2291
1831
1833
2003
2292
1832
1833
1844
2005
2295
1846
2007
1838
1839
1840
1848
1838
1839
1838
1840
1849
1839
1840
1852
1853
1845
1846
1847
1848
1845
1846
1845
1847
1850
1846
1847
1852
1854
1852
1853
1854
1852
1853
1863
1852
1854
2024
1853
1854
1865
2026
1867
2028
1859
1860
1861
1869
1859
1860
2312
1859
1861
1870
2313
1860
1861
1873
2316
1874
1866
1867
1868
1869
1866
1867
1866
1868
1871
1867
1868
1873
1875
1873
1874
1875
1873
1874
1884
2319
1873
1875
2045
2320
1874
1875
1886
2047
2323
1888
2049
1880
1881
1882
1890
1880
1881
2333
1880
1882
1891
2334
1881
1882
1894
2337
1895
1887
1888
1889
1890
1887
1888
2340
1887
1889
1892
2341
1888
1889
1894
2344
1896
1894
1895
1896
1894
1895
1905
2347
1894
1896
2066
2348
1895
1896
1907
2068
2351
1909
2070
1901
1902
1903
1911
1901
1902
1901
1903
1912
1902
1903
1915
1916
1908
1909
1910
1911
1908
1909
2361
1908
1910
1913
2362
1909
1910
1915
2365
1917
1915
1916
1917
1915
1916
1915
1917
2087
1916
1917
2089
2091
1922
1923
1924
1932
1922
1923
2368
1922
1924
1933
2369
1923
1924
1936
2372
1937
1929
1930
1931
1932
1929
1930
1929
1931
1934
1930
1931
1936
1938
1936
1937
1938
1936
1937
1947
2375
1936
1938
2108
2376
1937
1938
1949
2110
2379
1951
2112
1943
1944
1945
1953
1943
1944
2389
1943
1945
1954
2390
1944
1945
1957
2393
1958
1950
1951
1952
1953
1950
1951
2396
1950
1952
1955
2397
1951
1952
1957
2400
1959
1957
1958
1959
1957
1958
1968
2403
1957
1959
2115
2404
1958
1959
1970
2117
2407
1972
2119
1964
1965
1966
1974
1964
1965
2417
1964
1966
1975
2418
1965
1966
1978
2421
1979
1971
1972
1973
1974
1971
1972
2424
1971
1973
1976
2425
1972
1973
1978
2428
1980
1978
1979
1980
1978
1979
1989
2431
1978
1980
2122
2432
1979
1980
1991
2124
2435
1993
2126
1985
1986
1987
1995
1985
1986
2445
1985
1987
1996
2446
1986
1987
1999
2449
2000
1992
1993
1994
1995
1992
1993
2452
1992
1994
1997
2453
1993
1994
1999
2456
2001
1999
2000
2001
1999
2000
2010
2459
1999
2001
2129
2460
2000
2001
2012
2131
2463
2014
2133
2006
2007
2008
2016
2006
2007
2473
2006
2008
2017
2474
2007
2008
2020
2477
2021
2013
2014
2015
2016
2013
2014
2480
2013
2015
2018
2481
2014
2015
2020
2484
2022
2020
2021
2022
2020
2021
2031
2487
2020
2022
2136
2488
2021
2022
2033
2138
2491
2035
2140
2027
2028
2029
2037
2027
2028
2027
2029
2038
2028
2029
2041
2042
2034
2035
2036
2037
2034
2035
2494
2034
2036
2039
2495
2035
2036
2041
2498
2043
2041
2042
2043
2041
2042
2052
2041
2043
2143
2042
2043
2054
2145
2056
2147
2048
2049
2050
2058
2048
2049
2501
2048
2050
2059
2502
2049
2050
2062
2505
2063
2055
2056
2057
2058
2055
2056
2508
2055
2057
2060
2509
2056
2057
2062
2512
2064
2062
2063
2064
2062
2063
2073
2515
2062
2064
2150
2516
2063
2064
2075
2152
2519
2077
2154
2069
2070
2071
2079
2069
2070
2529
2069
2071
2080
2530
2070
2071
2083
2533
2084
2076
2077
2078
2079
2076
2077
2536
2076
2078
2081
2537
2077
2078
2083
2540
2085
2083
2084
2085
2083
2084
2094
2543
2083
2085
2157
2544
2084
2085
2096
2159
2547
2098
2161
2090
2091
2092
2100
2090
2091
2090
2092
2101
2091
2092
2104
2105
2097
2098
2099
2100
2097
2098
2557
2097
2099
2102
2558
2098
2099
2104
2561
2106
2104
2105
2106
2104
2105
2104
2106
2164
2105
2106
2166
2168
2111
2112
2113
2111
2112
2111
2113
2112
2113
2118
2119
2120
2118
2119
2118
2120
2119
2120
2125
2126
2127
2125
2126
2125
2127
2126
2127
2132
2133
2134
2132
2133
2132
2134
2133
2134
2139
2140
2141
2139
2140
2139
2141
2140
2141
2146
2147
2148
2146
2147
2146
2148
2147
2148
2153
2154
2155
2153
2154
2153
2155
2154
2155
2160
2161
2162
2160
2161
2160
2162
2161
2162
2167
2168
2169
2167
2168
2167
2169
2168
2169
2174
2175
2176
2177
2174
2175
2185
2174
2176
2175
2176
2179
2187
2181
2189
2183
2181
2182
2183
2181
2182
2199
2367
2181
2183
2200
2182
2183
2368
2202
2370
2188
2189
2190
2191
2198
2188
2189
2188
2190
2193
2189
2190
2200
2195
2202
2197
2204
2195
2196
2197
2205
2195
2196
2213
2195
2197
2196
2197
2207
2215
2209
2217
2211
2202
2203
2204
2205
2202
2203
2381
2202
2204
2203
2204
2208
2382
2210
2384
2211
2209
2210
2211
2209
2210
2227
2388
2209
2211
2228
2210
2211
2389
2230
2391
2216
2217
2218
2219
2226
2216
2217
2216
2218
2221
2217
2218
2228
2223
2230
2225
2232
2223
2224
2225
2233
2223
2224
2241
2223
2225
2224
2225
2235
2243
2237
2245
2239
2230
2231
2232
2233
2230
2231
2409
2230
2232
2231
2232
2236
2410
2238
2412
2239
2237
2238
2239
2237
2238
2255
2416
2237
2239
2256
2238
2239
2417
2258
2419
2244
2245
2246
2247
2254
2244
2245
2244
2246
2249
2245
2246
2256
2251
2258
2253
2260
2251
2252
2253
2261
2251
2252
2269
2251
2253
2252
2253
2263
2271
2265
2273
2267
2258
2259
2260
2261
2258
2259
2437
2258
2260
2259
2260
2264
2438
2266
2440
2267
2265
2266
2267
2265
2266
2283
2444
2265
2267
2284
2266
2267
2445
2286
2447
2272
2273
2274
2275
2282
2272
2273
2272
2274
2277
2273
2274
2284
2279
2286
2281
2288
2279
2280
2281
2289
2279
2280
2297
2279
2281
2280
2281
2291
2299
2293
2301
2295
2286
2287
2288
2289
2286
2287
2465
2286
2288
2287
2288
2292
2466
2294
2468
2295
2293
2294
2295
2293
2294
2472
2293
2295
2294
2295
2473
2475
2300
2301
2302
2300
2301
2300
2302
2301
2302
2307
2308
2309
2310
2307
2308
2307
2309
2312
2308
2309
2314
2316
2314
2315
2316
2317
2314
2315
2325
2314
2316
2315
2316
2319
2327
2321
2329
2323
2321
2322
2323
2321
2322
2339
2500
2321
2323
2340
2322
2323
2501
2342
2503
2328
2329
2330
2331
2338
2328
2329
2328
2330
2333
2329
2330
2340
2335
2342
2337
2344
2335
2336
2337
2345
2335
2336
2353
2335
2337
2336
2337
2347
2355
2349
2357
2351
2342
2343
2344
2345
2342
2343
2521
2342
2344
2343
2344
2348
2522
2350
2524
2351
2349
2350
2351
2349
2350
2360
2528
2349
2351
2361
2350
2351
2529
2363
2531
2356
2357
2358
2359
2356
2357
2356
2358
2357
2358
2361
2363
2365
2363
2364
2365
2363
2364
2549
2363
2365
2364
2365
2550
2552
2370
2371
2372
2373
2370
2371
2381
2370
2372
2371
2372
2375
2383
2377
2385
2379
2377
2378
2379
2377
2378
2395
2377
2379
2396
2378
2379
2398
2384
2385
2386
2387
2394
2384
2385
2384
2386
2389
2385
2386
2396
2391
2398
2393
2400
2391
2392
2393
2401
2391
2392
2409
2391
2393
2392
2393
2403
2411
2405
2413
2407
2398
2399
2400
2401
2398
2399
2398
2400
2399
2400
2404
2406
2407
2405
2406
2407
2405
2406
2423
2405
2407
2424
2406
2407
2426
2412
2413
2414
2415
2422
2412
2413
2412
2414
2417
2413
2414
2424
2419
2426
2421
2428
2419
2420
2421
2429
2419
2420
2437
2419
2421
2420
2421
2431
2439
2433
2441
2435
2426
2427
2428
2429
2426
2427
2426
2428
2427
2428
2432
2434
2435
2433
2434
2435
2433
2434
2451
2433
2435
2452
2434
2435
2454
2440
2441
2442
2443
2450
2440
2441
2440
2442
2445
2441
2442
2452
2447
2454
2449
2456
2447
2448
2449
2457
2447
2448
2465
2447
2449
2448
2449
2459
2467
2461
2469
2463
2454
2455
2456
2457
2454
2455
2454
2456
2455
2456
2460
2462
2463
2461
2462
2463
2461
2462
2479
2461
2463
2480
2462
2463
2482
2468
2469
2470
2471
2478
2468
2469
2468
2470
2473
2469
2470
2480
2475
2482
2477
2484
2475
2476
2477
2485
2475
2476
2475
2477
2476
2477
2487
2489
2491
2482
2483
2484
2485
2482
2483
2482
2484
2483
2484
2488
2490
2491
2489
2490
2491
2489
2490
2493
2489
2491
2494
2490
2491
2496
2496
2497
2498
2496
2497
2496
2498
2497
2498
2503
2504
2505
2513
2503
2504
2521
2503
2505
2504
2505
2515
2523
2517
2525
2519
2510
2511
2512
2513
2510
2511
2510
2512
2511
2512
2516
2518
2519
2517
2518
2519
2517
2518
2535
2517
2519
2536
2518
2519
2538
2524
2525
2526
2527
2534
2524
2525
2524
2526
2529
2525
2526
2536
2531
2538
2533
2540
2531
2532
2533
2541
2531
2532
2549
2531
2533
2532
2533
2543
2551
2545
2553
2547
2538
2539
2540
2541
2538
2539
2538
2540
2539
2540
2544
2546
2547
2545
2546
2547
2545
2546
2556
2545
2547
2557
2546
2547
2559
2552
2553
2554
2555
2552
2553
2552
2554
2553
2554
2557
2559
2561
2559
2560
2561
2559
2560
2559
2561
2560
2561
)


// ************************************************************************* //
